7
0,37,27,39,45,33,28
37,0,50,44,28,28,28
27,50,0,36,47,27,32
39,44,36,0,33,36,36
45,28,47,33,0,48,42
33,28,27,36,48,0,32
28,28,32,36,42,32,0
5
3